16 16
320 240
3 3 3 3 3 3 3 3 3 3 3 3 3 3 3 3
3 5 3 3 3 3 3 3 3 3 3 3 3 3 3 3
3 5 3 3 3 3 3 3 3 3 3 3 3 3 3 3
3 5 3 3 3 3 3 3 3 3 3 3 3 3 3 3
3 5 3 3 3 3 3 3 3 3 3 3 3 3 3 3
3 5 3 5 5 5 3 3 3 3 3 5 5 5 5 5
3 5 5 3 3 3 5 3 3 3 5 3 3 3 3 5
3 5 3 3 3 3 3 5 3 5 3 3 3 3 3 5
3 5 3 3 3 3 3 5 3 5 3 3 3 3 3 5
3 5 3 3 3 3 3 5 3 5 3 3 3 3 3 5
3 5 3 3 3 3 5 3 3 3 5 3 3 3 5 5
3 5 5 5 5 5 3 3 3 3 3 5 5 5 3 5
3 3 3 3 3 3 3 3 3 3 3 3 3 3 3 5
3 3 3 3 3 3 3 3 3 3 3 3 3 3 3 5
3 3 3 3 3 3 3 3 3 3 3 3 3 3 5 3
3 3 3 3 3 3 3 3 3 5 5 5 5 5 3 3
ki tu 'bg'